[{"id": 0, "img_name": "frame_00001", "width": 1122, "height": 2000, "position": [-3.906890215929035, 0.7733863415680198, -0.15800562427160367], "rotation": [[0.0725777271233681, 0.22614471355632673, 0.9713861446696327], [0.11296269202526522, 0.9658236364471544, -0.2332898058004251], [-0.9909449549475544, 0.12666203776397222, 0.04455136870475551]], "fy": 1310.010372224666, "fx": 1309.579160477142}, {"id": 1, "img_name": "frame_00002", "width": 1118, "height": 2000, "position": [-3.8960120957872415, 0.7764507167667978, -0.2113456039087644], "rotation": [[0.07929418285996932, 0.23577905073826003, 0.9685662970584588], [0.10971019253792715, 0.9636592569633954, -0.24356623354243415], [-0.9907956934796702, 0.12557498039705847, 0.05054520828345341]], "fy": 1303.6906095908582, "fx": 1303.8895082968986}, {"id": 2, "img_name": "frame_00003", "width": 1125, "height": 2000, "position": [-3.8574175084253537, 0.6870185680042613, -0.36665450827824214], "rotation": [[0.08447655390908583, 0.22947667318979043, 0.9696412575284693], [0.11039822014273447, 0.9649730663392055, -0.23798994564734804], [-0.9902908385060227, 0.12715123948140442, 0.05618378297499095]], "fy": 1323.3076026073186, "fx": 1323.7715954553576}, {"id": 3, "img_name": "frame_00004", "width": 1125, "height": 2000, "position": [-3.7944129835481237, 0.6909216803338797, -0.486321698218329], "rotation": [[0.08568367095274355, 0.15814924516384388, 0.9836905635341675], [0.12314092032566883, 0.9780704424038178, -0.16797179357662304], [-0.988683277027284, 0.13552500119943472, 0.06433002235724745]], "fy": 1330.213445581658, "fx": 1330.3892137430719}, {"id": 4, "img_name": "frame_00005", "width": 1124, "height": 2000, "position": [-3.6939597500168677, 0.6937666325124698, -0.5996590716617889], "rotation": [[0.15708231401295533, 0.12809549033551815, 0.9792429177584272], [0.13536512043172422, 0.9794014148958187, -0.14983041303611716], [-0.978264499404348, 0.1560910434835127, 0.1365069791233696]], "fy": 1315.0025847757, "fx": 1314.4644622095836}, {"id": 5, "img_name": "frame_00006", "width": 1125, "height": 2000, "position": [-3.6622790604533666, 0.6417288823960186, -0.7704067988027938], "rotation": [[0.17164115576805888, 0.07735890731487655, 0.9821175658268482], [0.15484590182998734, 0.9824023435691859, -0.10444320004782107], [-0.9729142101609283, 0.17000363175185282, 0.1566419639117103]], "fy": 1313.441499618205, "fx": 1313.6128776844394}, {"id": 6, "img_name": "frame_00007", "width": 1125, "height": 2000, "position": [-3.6443800971654214, 0.6073543954992775, -1.0591253663494131], "rotation": [[0.25358180702298694, 0.06553066551191442, 0.9650917049817194], [0.17810576049924587, 0.9774819133377707, -0.11316999237658398], [-0.9507757912483582, 0.20058624323491475, 0.2362002408994574]], "fy": 1322.4228080400057, "fx": 1323.0020051353276}, {"id": 7, "img_name": "frame_00008", "width": 1121, "height": 2000, "position": [-3.6628933563621726, 0.5854178639866333, -1.1691109660874792], "rotation": [[0.3435353087496683, 0.08755682524108369, 0.9350493537754959], [0.14277933926563757, 0.9792014139408435, -0.14414801842245512], [-0.928222792179301, 0.18302566292723765, 0.32388895441016063]], "fy": 1307.248754166822, "fx": 1307.1802143883915}, {"id": 8, "img_name": "frame_00009", "width": 1121, "height": 2000, "position": [-3.676363275966238, 0.5361592080601892, -1.3044438655766617], "rotation": [[0.43237863161193235, 0.124415552934845, 0.8930674605612442], [0.08088669880035923, 0.9810901115746907, -0.1758395146932023], [-0.8980568249741063, 0.1482665274371721, 0.41413883657434175]], "fy": 1305.115859445235, "fx": 1305.15706886342}, {"id": 9, "img_name": "frame_00010", "width": 1119, "height": 2000, "position": [-3.5384774161534644, 0.5621458477485736, -1.5428156393355337], "rotation": [[0.40849786841639124, 0.12795453684868213, 0.9037461634768379], [0.09027217834564681, 0.9796076563989782, -0.17949867225479257], [-0.9082843306564284, 0.1549079598482304, 0.3886169047528203]], "fy": 1305.8597015208181, "fx": 1305.599163932902}, {"id": 10, "img_name": "frame_00011", "width": 1124, "height": 2000, "position": [-3.3934409226304276, 0.5642995518395644, -1.6967024462677616], "rotation": [[0.41227659572596353, 0.12381976153180087, 0.902605492599518], [0.09527152327239775, 0.979430335777825, -0.177875108465165], [-0.9060636542042548, 0.15932634437639373, 0.3919997072928592]], "fy": 1310.802690532211, "fx": 1310.5476351094528}, {"id": 11, "img_name": "frame_00012", "width": 1125, "height": 2000, "position": [-3.2038671715781786, 0.5501720985839815, -1.7963839577972933], "rotation": [[0.4690706585696536, 0.08356546466817973, 0.8791982315631797], [0.1127502167411161, 0.9817008697405147, -0.15346266964818508], [-0.8759338478982661, 0.17111462668488586, 0.45106504923417556]], "fy": 1315.0917744689355, "fx": 1315.3212042970008}, {"id": 12, "img_name": "frame_00013", "width": 1119, "height": 2000, "position": [-3.0600131510669524, 0.6158935336340107, -1.816009138345884], "rotation": [[0.5021316598154958, 0.07857725101489262, 0.8612139175802245], [0.10737275348424172, 0.9824927898156912, -0.15224654271737093], [-0.8580995793147481, 0.16891871886538373, 0.48490367950421853]], "fy": 1304.655074142484, "fx": 1304.3947768948672}, {"id": 13, "img_name": "frame_00014", "width": 1117, "height": 2000, "position": [-2.8896966731429345, 0.8407643899728392, -1.880378238947371], "rotation": [[0.5656485583257217, 0.10606846142035434, 0.8177965455759467], [0.09947042274115749, 0.9756768461734364, -0.19534668372089625], [-0.8186252765849145, 0.19184413812513335, 0.5413395267328046]], "fy": 1301.2578222481582, "fx": 1300.7962457044136}, {"id": 14, "img_name": "frame_00015", "width": 1110, "height": 2000, "position": [-2.7929989596729863, 0.8661751977502431, -1.984139783291939], "rotation": [[0.6007090124575691, 0.1608439619459171, 0.7831206179496185], [0.0863793505813209, 0.9607600630146863, -0.2635881429601213], [-0.7947875754850483, 0.22598522345842975, 0.5632436316844092]], "fy": 1289.3204502232127, "fx": 1289.2179817700162}, {"id": 15, "img_name": "frame_00016", "width": 1123, "height": 2000, "position": [-2.671537884164595, 0.7724365139782042, -2.1154038452074864], "rotation": [[0.6192288346736289, 0.15300321921775217, 0.7701595063477075], [0.09188117387519695, 0.9599746023427878, -0.26458762772307093], [-0.7798163246534761, 0.23460344789838675, 0.5803858389365935]], "fy": 1306.3410442891345, "fx": 1306.5655716561218}, {"id": 16, "img_name": "frame_00017", "width": 1098, "height": 2000, "position": [-2.5445976228685367, 0.7624765724499198, -2.181246030158114], "rotation": [[0.6288684420668346, 0.15237577798510343, 0.7624343282249737], [0.08743636736419579, 0.960528079354698, -0.2640846274082013], [-0.772579681479254, 0.23273897622574863, 0.590722612323927]], "fy": 1274.2268815380032, "fx": 1274.4049049770615}, {"id": 17, "img_name": "frame_00018", "width": 1105, "height": 2000, "position": [-2.403411358172997, 0.6530273290954189, -2.231989334583031], "rotation": [[0.6475417603457481, 0.1778723412719445, 0.7409798234896592], [0.0890922530152178, 0.9480362263655825, -0.30543392730863833], [-0.7568039634284444, 0.2637967848722631, 0.5980459992593001]], "fy": 1284.780599742214, "fx": 1284.4746995994183}, {"id": 18, "img_name": "frame_00019", "width": 1108, "height": 2000, "position": [-2.2687491182802546, 0.6571281619186218, -2.368480830400335], "rotation": [[0.6487440221395001, 0.1421551180998717, 0.7476116078126901], [0.10324666175115443, 0.9568736143804748, -0.27153823476573097], [-0.7539703711522798, 0.25334720937965366, 0.6060889958776973]], "fy": 1288.2312948533536, "fx": 1288.3700822027993}, {"id": 19, "img_name": "frame_00020", "width": 1111, "height": 2000, "position": [-2.1040881140335403, 0.6671354000172373, -2.560233260479887], "rotation": [[0.7054544528185951, 0.09325572234243748, 0.7025933284972228], [0.1442927895380625, 0.9516479300818987, -0.27119330385937274], [-0.6939118141995716, 0.29269367506187743, 0.6578881414746974]], "fy": 1292.851497222374, "fx": 1292.3248792888583}, {"id": 20, "img_name": "frame_00021", "width": 1109, "height": 2000, "position": [-1.949862690025899, 0.6188519732677619, -2.6615272944938395], "rotation": [[0.7238466690663796, 0.07509068520994347, 0.685862514412479], [0.1375715081658674, 0.9583917602208976, -0.2501186000313813], [-0.6761065595174148, 0.27540265600642017, 0.6833983444830211]], "fy": 1288.0590231565666, "fx": 1288.2771119338117}, {"id": 21, "img_name": "frame_00022", "width": 1104, "height": 2000, "position": [-1.7623430097225523, 0.6047780390012405, -2.7044106301136517], "rotation": [[0.8309094142587192, 0.10846922418970706, 0.5457325102098235], [0.046777440117592835, 0.9637238890904223, -0.2627701213845982], [-0.554437928349312, 0.24386613746093272, 0.7956933395521218]], "fy": 1278.8582690166409, "fx": 1279.4368421369684}, {"id": 22, "img_name": "frame_00023", "width": 1111, "height": 2000, "position": [-1.5771892329730854, 0.6167266231145434, -2.7465909392575356], "rotation": [[0.8293205805152659, 0.10675149466904575, 0.5484810781784063], [0.046529453787091814, 0.9649786713059972, -0.25816888630272], [-0.5568324565469377, 0.23962529563974788, 0.7953095831344335]], "fy": 1291.763192551132, "fx": 1292.22951370363}, {"id": 23, "img_name": "frame_00024", "width": 1108, "height": 2000, "position": [-1.309883236964864, 0.6860477286002463, -2.8398746136146844], "rotation": [[0.8768083967105057, 0.07555772035255612, 0.47486636683711075], [0.052690114084480405, 0.9665319577162362, -0.25107713275203725], [-0.47794433497606914, 0.24516730126251468, 0.8434821913092998]], "fy": 1285.610832829265, "fx": 1285.16126884764}, {"id": 24, "img_name": "frame_00025", "width": 1109, "height": 2000, "position": [-1.085151420951174, 0.6905523928927757, -2.914183822084028], "rotation": [[0.9163380634839264, 0.05064582429168253, 0.39718956921392534], [0.05688212032821708, 0.9654421636340966, -0.25433413664799404], [-0.39634451907083795, 0.2556490351230185, 0.881790560758719]], "fy": 1278.3145273886305, "fx": 1278.6270435092765}, {"id": 25, "img_name": "frame_00026", "width": 1111, "height": 2000, "position": [-0.8912887279124689, 0.6997495270315199, -2.8965938864035117], "rotation": [[0.9482817991549393, 0.05626577306102582, 0.31240325250118123], [0.025723151694191437, 0.9673073109988897, -0.25229919848270427], [-0.3163857595695313, 0.24728673411637456, 0.9158325841941136]], "fy": 1279.6224068465383, "fx": 1280.1821863790424}, {"id": 26, "img_name": "frame_00027", "width": 1111, "height": 2000, "position": [-0.7780894210828516, 0.7554568123164569, -2.9131369328419137], "rotation": [[0.95143556523322, 0.07170123831631112, 0.29938152520362793], [0.0053655556318458, 0.968487963297189, -0.24900256175634816], [-0.3078011956151316, 0.2385162413177978, 0.9210691757981728]], "fy": 1302.7442191734463, "fx": 1302.2135716318883}, {"id": 27, "img_name": "frame_00028", "width": 1107, "height": 2000, "position": [-0.687306688814228, 0.877651033487931, -2.94341937198291], "rotation": [[0.976709761106265, 0.08898753636208583, 0.19524154509721833], [-0.03889250252235645, 0.9682937885840733, -0.24676813456573032], [-0.21101046373886576, 0.23342741347517082, 0.9492029429110511]], "fy": 1305.681764861755, "fx": 1306.2372878486685}, {"id": 28, "img_name": "frame_00029", "width": 1109, "height": 2000, "position": [-0.6191246892911357, 0.9517844882183162, -2.968587981843887], "rotation": [[0.972155131020689, 0.09264209131531341, 0.21524833134515184], [-0.029825980473801812, 0.9599828653022638, -0.27846599292343044], [-0.2324323818208718, 0.2642921513075647, 0.9360154094021614]], "fy": 1302.5234819085242, "fx": 1302.3431255838539}, {"id": 29, "img_name": "frame_00030", "width": 1104, "height": 2000, "position": [-0.583504949665063, 0.9545782138177933, -3.012992118744639], "rotation": [[0.967964549770858, 0.09102237377531701, 0.23400760213977412], [-0.014177450384915783, 0.9503050215478072, -0.31099737285322093], [-0.2506863185087762, 0.2977168008247578, 0.9211520375156254]], "fy": 1292.4247705473822, "fx": 1292.5174685998904}, {"id": 30, "img_name": "frame_00031", "width": 1106, "height": 2000, "position": [-0.5557906165561228, 0.9497117822358042, -3.030321091165689], "rotation": [[0.9681929665138626, 0.08838781752231593, 0.234072581279245], [-0.007200243352824661, 0.9449795760169434, -0.3270500839420442], [-0.2501010517545799, 0.3149622114230211, 0.9155589927944421]], "fy": 1292.625022020941, "fx": 1292.9934513750434}, {"id": 31, "img_name": "frame_00032", "width": 1110, "height": 2000, "position": [-0.4706234948545187, 0.9270735212176999, -3.070784177748064], "rotation": [[0.9678072356281914, 0.08673167440065283, 0.23627689544552902], [-0.005138005045341546, 0.9453643232902872, -0.32597530144790304], [-0.25164013107982663, 0.3142672634964646, 0.9153760601657502]], "fy": 1296.2858723867482, "fx": 1296.6800436264512}, {"id": 32, "img_name": "frame_00033", "width": 1106, "height": 2000, "position": [-0.29857889451142156, 0.7702753560564432, -3.089489191747107], "rotation": [[0.9735927658960966, 0.08226762836417008, 0.2129534303976421], [-0.010882590474298421, 0.9484768438402551, -0.316659511026271], [-0.2280322245196001, 0.305979924214258, 0.924325478691613]], "fy": 1261.0106913269935, "fx": 1261.3701098332167}, {"id": 33, "img_name": "frame_00034", "width": 1116, "height": 2000, "position": [-0.11923520749821459, 0.7083309305665448, -3.1298372590992414], "rotation": [[0.9765257463516535, 0.05025340527060178, 0.20945658731836278], [0.0013861726950746755, 0.9709180760483322, -0.23940795335131324], [-0.21539625167956314, 0.23407837333105724, 0.9480568389611883]], "fy": 1296.1358156937054, "fx": 1296.2291661956665}, {"id": 34, "img_name": "frame_00035", "width": 1107, "height": 2000, "position": [0.12981474507712804, 0.6654477828971285, -3.1274679331843953], "rotation": [[0.9887158841016587, 0.038156961866673306, 0.14486181962884717], [-0.0050844070289152565, 0.9750067788023464, -0.22211692887899515], [-0.1497165633129472, 0.21887399925659856, 0.9641986948337893]], "fy": 1278.982959466363, "fx": 1279.0385674211225}, {"id": 35, "img_name": "frame_00036", "width": 1094, "height": 2000, "position": [0.34324189242017594, 0.6455377701594144, -3.1555662335331895], "rotation": [[0.9940294412316792, 0.03166008371827757, 0.10441795374162062], [-0.007315773112564739, 0.9741630436994483, -0.22572736598381785], [-0.1088666589383593, 0.2236157494211412, 0.9685783639863222]], "fy": 1240.4336350632163, "fx": 1239.9843508531283}, {"id": 36, "img_name": "frame_00037", "width": 1097, "height": 2000, "position": [0.5794638175645327, 0.5976656412316519, -3.2503869520028434], "rotation": [[0.9992382315185314, 0.0316930121637859, 0.02277080700598825], [-0.025364149330216152, 0.9708733630328086, -0.23824687381394638], [-0.029658331046644226, 0.2374878227053971, 0.9709376485985995]], "fy": 1253.3960599878594, "fx": 1253.4594194173014}, {"id": 37, "img_name": "frame_00038", "width": 1101, "height": 2000, "position": [0.7883837045435677, 0.5854116083145926, -3.2741216852010195], "rotation": [[0.999395127391577, 0.03427950777624671, -0.005856167056327895], [-0.03467866877180257, 0.9697636783618934, -0.24156944770029526], [-0.002601783655299618, 0.24162641303596824, 0.9703658625720419]], "fy": 1272.2274899893857, "fx": 1271.8482767644232}, {"id": 38, "img_name": "frame_00039", "width": 1104, "height": 2000, "position": [0.9467154246462932, 0.5679565729204261, -3.244946719491549], "rotation": [[0.9992584721796216, 0.03798129344999768, -0.006318791428236096], [-0.038389726875768575, 0.9702056181429155, -0.23922225522372997], [-0.002955443731874772, 0.23928744194334284, 0.9709442751675088]], "fy": 1275.1404829287858, "fx": 1275.7173740714077}, {"id": 39, "img_name": "frame_00040", "width": 1108, "height": 2000, "position": [1.1196286560494793, 0.5767990101264454, -3.2261873038563498], "rotation": [[0.9993847654362562, 0.02863843280792128, -0.020246747398669496], [-0.03233920393174212, 0.9758739509378127, -0.2159263943340059], [0.013574479841988339, 0.21644831264606706, 0.9761997036721994]], "fy": 1283.72983985655, "fx": 1283.2809336374987}, {"id": 40, "img_name": "frame_00041", "width": 1104, "height": 2000, "position": [1.249072479938213, 0.5725651993516093, -3.2261812605742857], "rotation": [[0.9862414909359274, -0.03646167542379942, -0.16123978349578744], [0.0008278336492437703, 0.9764495722859224, -0.21574417135600282], [0.16530891158049546, 0.21264237350050585, 0.9630452661968404]], "fy": 1274.5930815249035, "fx": 1274.6845006148885}, {"id": 41, "img_name": "frame_00042", "width": 1113, "height": 2000, "position": [1.3117990312594945, 0.5625683496823451, -3.1924788000880624], "rotation": [[0.9716159573012568, -0.04425550294670482, -0.23238735330584598], [-0.004031861266151796, 0.9791047573427053, -0.20331654690067053], [0.23652943920851038, 0.19848255492061828, 0.9511353740556027]], "fy": 1280.4286344581412, "fx": 1280.139762669329}, {"id": 42, "img_name": "frame_00043", "width": 1124, "height": 2000, "position": [1.333500492759562, 0.5739197642442353, -3.2033312132495864], "rotation": [[0.9960695357533017, -0.013647631430688872, -0.08751698178373228], [-7.934761028832543e-05, 0.9879204226923166, -0.1549620344839063], [0.0885746783689266, 0.1543599060111358, 0.9840363538854011]], "fy": 1308.5892555158441, "fx": 1308.845698997467}, {"id": 43, "img_name": "frame_00044", "width": 1125, "height": 2000, "position": [1.335830333221663, 0.5785678908887479, -3.152340819698831], "rotation": [[0.9969397081373896, 0.0021713854021739453, -0.07814411957640617], [-0.010146816562189421, 0.9947522162007538, -0.10180899015971917], [0.07751296957664387, 0.1022903389823484, 0.9917300167375629]], "fy": 1315.5495867061245, "fx": 1315.433862780482}, {"id": 44, "img_name": "frame_00045", "width": 1125, "height": 2000, "position": [1.3278137943674677, 0.5798098545849345, -3.112063766958721], "rotation": [[0.9929826364434954, 0.03779708369256989, -0.1120574146857854], [-0.0402596371238621, 0.998993167829663, -0.019794247859165476], [0.11119642683279059, 0.024166735277898, 0.9935045664543409]], "fy": 1307.5231368410464, "fx": 1307.9256993831775}, {"id": 45, "img_name": "frame_00046", "width": 1124, "height": 2000, "position": [1.342912211765617, 0.5588033614891006, -3.1145516448664106], "rotation": [[0.985650402026158, 0.057557945507857616, -0.15868323129615103], [-0.05776481393711656, 0.9983247241633545, 0.0033123096130758594], [0.15860804284929428, 0.005901528028999267, 0.9873239897371274]], "fy": 1299.9997348886536, "fx": 1299.5220731906568}, {"id": 46, "img_name": "frame_00047", "width": 1121, "height": 2000, "position": [1.4201493062645434, 0.5507474740630665, -3.1958408856799347], "rotation": [[0.9855307109351199, 0.04924884724497318, -0.16218436684452253], [-0.05812803420129824, 0.9970329284166712, -0.05046257318814996], [0.15921793065986653, 0.05915987405258724, 0.9854693094452368]], "fy": 1310.5893407762753, "fx": 1310.6307230212476}, {"id": 47, "img_name": "frame_00048", "width": 1108, "height": 2000, "position": [1.5032083882973069, 0.5190329817269657, -3.2351657702464376], "rotation": [[0.9978574547463475, -0.00021671723892940857, -0.06542517130875138], [-0.009731484151292857, 0.9883790652463915, -0.15169746734498457], [0.06469774511800433, 0.1520091326740202, 0.9862593093909623]], "fy": 1290.9484907633384, "fx": 1290.497060261385}, {"id": 48, "img_name": "frame_00049", "width": 1116, "height": 2000, "position": [1.5506531675695954, 0.5251225727992487, -3.228831607010422], "rotation": [[0.9947454345537, -0.022780914735766614, -0.09981257615337229], [0.007396001646398558, 0.9883722672042461, -0.15187350190597695], [0.10211179948574739, 0.15033725867309156, 0.9833472881238056]], "fy": 1294.579445147073, "fx": 1294.1724236317705}, {"id": 49, "img_name": "frame_00050", "width": 1111, "height": 2000, "position": [1.6122218654516223, 0.5298683602973323, -3.2847770549774444], "rotation": [[0.9791531168767021, -0.028489338517712823, -0.20111571619707475], [-0.0028137528166583955, 0.988117857559347, -0.15367232140959142], [0.2031040533956078, 0.1510346223988036, 0.967438518114265]], "fy": 1282.040240938624, "fx": 1282.6010781691105}, {"id": 50, "img_name": "frame_00051", "width": 1087, "height": 2000, "position": [1.7062127617882161, 0.6875019115568685, -3.2705923211025096], "rotation": [[0.9399271778271228, -0.06044740628657169, -0.33598067125233033], [-0.023036732015010896, 0.9707234091924681, -0.23909281006299804], [0.34059684285091213, 0.23246972688713347, 0.9110168037533735]], "fy": 1241.7821502296467, "fx": 1241.4985333187915}, {"id": 51, "img_name": "frame_00052", "width": 1105, "height": 2000, "position": [1.8959758144357937, 0.9096062401411557, -3.359155304080393], "rotation": [[0.9235166850169577, -0.08899872988917662, -0.3730900140360267], [-0.03833012261773969, 0.946423948908941, -0.32064390003821286], [0.38163822423258165, 0.31042057761965425, 0.8706269756875686]], "fy": 1308.9161187998452, "fx": 1309.1035584786932}, {"id": 52, "img_name": "frame_00053", "width": 1112, "height": 2000, "position": [2.043666274020541, 0.7367514807040123, -3.293119081926374], "rotation": [[0.9004186611168643, -0.12023203511944851, -0.4180795288501332], [0.009126227032962852, 0.9660576382855194, -0.2581653568749057], [0.43492866851089107, 0.22864141628593956, 0.8709535900759026]], "fy": 1280.7921738241923, "fx": 1280.9303505732353}, {"id": 53, "img_name": "frame_00054", "width": 1123, "height": 2000, "position": [2.238754161600914, 0.6760124273930395, -3.2764990095809536], "rotation": [[0.9077141878879568, -0.15801855728575326, -0.38869665378060037], [0.07540424354838425, 0.9727264329643245, -0.21935698454208724], [0.41275798376506634, 0.16980406993305738, 0.8948728539141002]], "fy": 1302.1494872406884, "fx": 1301.8655463108319}, {"id": 54, "img_name": "frame_00055", "width": 1124, "height": 2000, "position": [2.414285957086638, 0.5737701305813931, -3.222752457083616], "rotation": [[0.9044432197764288, -0.14308424306522644, -0.4018822732926865], [0.07662381562077783, 0.9812393954577489, -0.17691251985493958], [0.41965611288310745, 0.1292135758663251, 0.8984389788581516]], "fy": 1317.8697003252219, "fx": 1317.6190286059991}, {"id": 55, "img_name": "frame_00056", "width": 1125, "height": 2000, "position": [2.503756237888103, 0.5651225482453085, -3.112101997462394], "rotation": [[0.8320371402612696, 0.000795921097665699, -0.5547193558327085], [-0.09967014452577368, 0.9839392378211415, -0.14808591616410569], [0.5456922754777275, 0.17850194056524277, 0.818753319198391]], "fy": 1319.2658604917028, "fx": 1319.4379985215164}, {"id": 56, "img_name": "frame_00057", "width": 1125, "height": 2000, "position": [2.7057193869208467, 0.631652939048337, -2.880215230407544], "rotation": [[0.7805814691979619, 0.01825763859782851, -0.6247873466849198], [-0.12925771314811277, 0.9826819653426141, -0.13277273282604962], [0.6115431411899502, 0.18439851849515618, 0.7694232728741186]], "fy": 1330.697419191283, "fx": 1331.164003139106}, {"id": 57, "img_name": "frame_00058", "width": 1124, "height": 2000, "position": [2.937892577798707, 0.7427649178467592, -2.671088036261995], "rotation": [[0.7405509208845017, -0.02297496801976834, -0.6716073885996243], [-0.09868614317119911, 0.9848617043896067, -0.14250778355160967], [0.6647145091865453, 0.17181261324853145, 0.7270729311462509]], "fy": 1332.5982195296492, "fx": 1332.112959673798}, {"id": 58, "img_name": "frame_00059", "width": 1124, "height": 2000, "position": [3.2369832900982827, 0.7593617888149922, -2.4086789070832366], "rotation": [[0.6642561889140209, -0.13739365383412638, -0.7347698274803672], [0.0034282114014863112, 0.9835127049728931, -0.18080654447085034], [0.7474971323396546, 0.11758291986088416, 0.6537754156443799]], "fy": 1353.019471329333, "fx": 1352.5930072415504}, {"id": 59, "img_name": "frame_00060", "width": 1124, "height": 2000, "position": [3.397975375254631, 0.6814191318449665, -2.0884419161406], "rotation": [[0.6092267776364526, -0.1029061131711807, -0.7862907002392335], [-0.016592136787076023, 0.9896730476982393, -0.14237963216878172], [0.7928224482237768, 0.09978772736002542, 0.6012278894568829]], "fy": 1354.86558273001, "fx": 1354.438536758351}, {"id": 60, "img_name": "frame_00061", "width": 1125, "height": 2000, "position": [3.5148519022513725, 0.6265706282755823, -1.7937434076509], "rotation": [[0.5842238545786513, -0.08205799738851155, -0.8074335717604575], [-0.013154386852626961, 0.9937874289374344, -0.11051474196891212], [0.8114859517254716, 0.07518664210157829, 0.5795148997236351]], "fy": 1359.6722412836903, "fx": 1359.7924386176085}, {"id": 61, "img_name": "frame_00062", "width": 1124, "height": 2000, "position": [3.6784178213733374, 0.6666424474333364, -1.4836397860113666], "rotation": [[0.49687304892544765, -0.13806122562533962, -0.8567708393907664], [0.04434007374492581, 0.9900135272297265, -0.13381768852603262], [0.8666897548210801, 0.02850112069699717, 0.49803268467761336]], "fy": 1349.0539230603151, "fx": 1348.8590386927483}, {"id": 62, "img_name": "frame_00063", "width": 1124, "height": 2000, "position": [3.792438095078519, 0.6332148040045193, -1.1954212092000713], "rotation": [[0.43757809948873894, -0.08521843962084222, -0.8951330763615053], [0.03227203476055038, 0.9963459012557803, -0.07907819435989202], [0.8986010920426467, 0.005715120243345765, 0.43872931835058265]], "fy": 1377.9206045908604, "fx": 1377.3781787436317}, {"id": 63, "img_name": "frame_00064", "width": 1125, "height": 2000, "position": [3.807723481677009, 0.6235670504750992, -0.9122257164013753], "rotation": [[0.3721243977298205, -0.06272013158089294, -0.9260613466227244], [0.026744637365121834, 0.9980246146555872, -0.05684710119060504], [0.9277974762772457, -0.0036129816000411057, 0.3730667358228702]], "fy": 1356.1109620592722, "fx": 1356.2308445700623}, {"id": 64, "img_name": "frame_00065", "width": 1125, "height": 2000, "position": [3.8888705260714342, 0.5908558102808744, -0.5414475595509817], "rotation": [[0.2827963030515573, -0.06596997274378798, -0.9569086757243638], [0.029295432853682957, 0.9977606556887488, -0.06012862524183837], [0.9587325114933191, -0.011028900930825342, 0.28409564366595086]], "fy": 1349.39172083362, "fx": 1349.80717394964}, {"id": 65, "img_name": "frame_00066", "width": 1118, "height": 2000, "position": [3.9172763077348045, 0.5363641764449186, -0.342573749898547], "rotation": [[0.0675481613391339, -0.08657194511958016, -0.9939529889375627], [-0.07620820290651324, 0.9928702645704204, -0.09165668301669634], [0.9948012644289623, 0.08193861147271073, 0.06046906846034688]], "fy": 1327.583477699066, "fx": 1327.786021641572}, {"id": 66, "img_name": "frame_00067", "width": 1104, "height": 2000, "position": [3.915204438910235, 0.6385778902814317, -0.13453758704598606], "rotation": [[-0.02938599692683111, -0.15678616417984, -0.987195300792294], [-0.15903650160292038, 0.9757744922066179, -0.15023824918049797], [0.9868352721414654, 0.15258518630813855, -0.05360882928016675]], "fy": 1305.8615115414, "fx": 1306.4523013011042}, {"id": 67, "img_name": "frame_00068", "width": 1108, "height": 2000, "position": [3.9633029059591385, 0.7032069534655244, -0.038237788261122035], "rotation": [[-0.07163707403148716, -0.2466263845738577, -0.9664592883594396], [-0.22781384191204423, 0.9473824250616769, -0.22487195049078612], [0.9710659004709623, 0.2040636349678308, -0.12405260910692098]], "fy": 1316.3196933223476, "fx": 1316.4615067699708}, {"id": 68, "img_name": "frame_00069", "width": 1111, "height": 2000, "position": [4.008577198391898, 0.7081205434671193, 0.0588370336395214], "rotation": [[0.04425964406998433, -0.2626447587527237, -0.9638769706796202], [-0.20973537743292175, 0.9408775691205961, -0.26600840471456455], [0.9767559343868188, 0.21393253755668243, -0.013442991285071567]], "fy": 1322.5333318795583, "fx": 1322.502692276088}, {"id": 69, "img_name": "frame_00070", "width": 1112, "height": 2000, "position": [4.013025098050955, 0.7072809235708037, 0.09040252053382873], "rotation": [[0.07675427058570586, -0.2648888495462954, -0.9612193710766008], [-0.20464142952476458, 0.9393533379911387, -0.27520390935988914], [0.9758230717035321, 0.21782838150926373, 0.017892147443433728]], "fy": 1322.4570046411304, "fx": 1321.9884247197626}, {"id": 70, "img_name": "frame_00071", "width": 1111, "height": 2000, "position": [4.026353157929528, 0.6821088778016933, 0.14384073768997027], "rotation": [[0.07462553392034883, -0.2655963004794346, -0.9611917783973917], [-0.20062926870334513, 0.9401714082196494, -0.27536452150893015], [0.9768208260610866, 0.2133924280238618, 0.016874401779534722]], "fy": 1320.5031680176771, "fx": 1319.9652867134153}, {"id": 71, "img_name": "frame_00072", "width": 1124, "height": 2000, "position": [4.037791211577013, 0.4953424651276516, 0.3279455241544254], "rotation": [[0.028899634472667374, -0.1924547491777218, -0.9808802070825399], [-0.09171595067398175, 0.9766401390735088, -0.19432504507254184], [0.9953657596679293, 0.09557828346134829, 0.010573372748001929]], "fy": 1335.7450825387132, "fx": 1335.314437578397}, {"id": 72, "img_name": "frame_00073", "width": 1125, "height": 2000, "position": [3.9743774151696867, 0.3507117494842013, 0.6010947705008937], "rotation": [[-0.02215379402017159, -0.07971976775926085, -0.9965711053602353], [-0.09400459379894646, 0.9925655437154951, -0.077309622774004], [0.9953252462161335, 0.09196956049244356, -0.0294831169929484]], "fy": 1338.350945754419, "fx": 1338.9334452955725}, {"id": 73, "img_name": "frame_00074", "width": 1120, "height": 2000, "position": [3.9234538236059158, 0.2656209422615324, 0.8460997784833479], "rotation": [[-0.0487762490699507, -0.06647847093314194, -0.9965949480250527], [-0.10193249350931112, 0.9929043312442911, -0.061243414040213204], [0.9935948089103728, 0.09859818405385636, -0.05520646527030584]], "fy": 1334.3502525968743, "fx": 1334.2391339082476}, {"id": 74, "img_name": "frame_00075", "width": 1124, "height": 2000, "position": [3.8447544132914953, 0.23286068714852132, 1.1449684397388031], "rotation": [[-0.13847831316087508, -0.059805455456867156, -0.988558073297525], [-0.1075598831164247, 0.9931788664173409, -0.045017894730284336], [0.9845073023234002, 0.10009518869337618, -0.1439664018871686]], "fy": 1332.0942601251934, "fx": 1332.3553098690127}, {"id": 75, "img_name": "frame_00076", "width": 1118, "height": 2000, "position": [3.678925010968533, 0.20459538706924332, 1.3329495388066337], "rotation": [[-0.2821088424709769, 0.025537788365529016, -0.9590424507627819], [-0.13971144412319306, 0.987895503195759, 0.06740316866891528], [0.9491550523390251, 0.15300423566357824, -0.2751261355965782]], "fy": 1316.8557533518492, "fx": 1317.0566606096424}, {"id": 76, "img_name": "frame_00077", "width": 1119, "height": 2000, "position": [3.5212389982558925, 0.29627575384516946, 1.4808435534271864], "rotation": [[-0.3524444061769429, 0.03931267506734461, -0.935006659940789], [-0.1767622202450954, 0.9783363836928647, 0.10776380578279525], [0.9189875178959754, 0.20325460369156959, -0.3378601900632517]], "fy": 1320.6778658059372, "fx": 1321.035969166222}, {"id": 77, "img_name": "frame_00078", "width": 1123, "height": 2000, "position": [3.445341506899876, 0.42089600087395435, 1.596079075394609], "rotation": [[-0.47958503622456633, -0.035360288223621264, -0.8767826657993552], [-0.19069963558628136, 0.9795069125913305, 0.06480630504093765], [0.8565231123657674, 0.19828226900694376, -0.4765000522357967]], "fy": 1337.725446529214, "fx": 1337.8411844153106}, {"id": 78, "img_name": "frame_00079", "width": 1121, "height": 2000, "position": [3.3912982504447373, 0.4947830439846376, 1.6753759722227881], "rotation": [[-0.5132825891162528, -0.13955978793608143, -0.8467963446433577], [-0.21445685179381035, 0.9762445078714755, -0.030901772917879933], [0.8309929256189874, 0.165739936171149, -0.5310188613685768]], "fy": 1324.3774583876452, "fx": 1324.4192759964976}, {"id": 79, "img_name": "frame_00080", "width": 1112, "height": 2000, "position": [3.4390813742170865, 0.47025926221920616, 1.7691035689460146], "rotation": [[-0.5035647216395205, -0.13382550799745307, -0.8535299083976703], [-0.17959845759861318, 0.9825634988814953, -0.04809744997349429], [0.845083998871302, 0.12907247605503377, -0.518819169631107]], "fy": 1327.985272694024, "fx": 1327.6179185383685}, {"id": 80, "img_name": "frame_00081", "width": 1112, "height": 2000, "position": [3.4388433234097633, 0.4504684460226344, 1.7658816955266863], "rotation": [[-0.5070120371266827, -0.20661128283001076, -0.8368097585568586], [-0.18224244625106711, 0.974593482583695, -0.1302122670481235], [0.8424526603869664, 0.08648307067121395, -0.5317839725811598]], "fy": 1319.2770843201754, "fx": 1319.4194129682762}, {"id": 81, "img_name": "frame_00082", "width": 1111, "height": 2000, "position": [3.4524844044473157, 0.4446461308876642, 1.7743318246756705], "rotation": [[-0.5003339140394076, -0.20971760132064501, -0.8400502973979127], [-0.1809171438682054, 0.9741283950131578, -0.1354358042899279], [0.8467201199431709, 0.0842163744494121, -0.5253309821036816]], "fy": 1319.4286802454235, "fx": 1318.8912366128757}, {"id": 82, "img_name": "frame_00083", "width": 1111, "height": 2000, "position": [3.4628490432735686, 0.4301313391413958, 1.8079185715357715], "rotation": [[-0.5728142998884286, -0.19892279926988, -0.7951814244397086], [-0.1559184693182123, 0.9788361433167068, -0.13254899268701043], [0.8047193354013527, 0.0480575120819887, -0.5917070785141026]], "fy": 1316.6778133836353, "fx": 1316.64730943706}, {"id": 83, "img_name": "frame_00084", "width": 1111, "height": 2000, "position": [3.4666947807769413, 0.4206213669371521, 1.818844497346127], "rotation": [[-0.6104070955608514, -0.20257253559382452, -0.7657463976487606], [-0.15294390971932045, 0.9786941753990058, -0.13698858171332606], [0.7771816635566832, 0.03349744562125522, -0.6283841046431052]], "fy": 1314.2814169333187, "fx": 1313.7460699384546}, {"id": 84, "img_name": "frame_00085", "width": 1112, "height": 2000, "position": [3.466205743613782, 0.419168440105465, 1.8197435923396086], "rotation": [[-0.6133541332391018, -0.20548660875253127, -0.7626086551186614], [-0.15343094918036077, 0.9781677001432925, -0.14016737933626336], [0.7747616737243289, 0.03103552834682438, -0.631491207308629]], "fy": 1314.1235605240604, "fx": 1313.7600408669305}, {"id": 85, "img_name": "frame_00086", "width": 1115, "height": 2000, "position": [3.451155825896004, 0.422337077170027, 1.8165019083258809], "rotation": [[-0.6040343362427009, -0.20842372383996233, -0.7692217313496302], [-0.15720063390022723, 0.9773934122796942, -0.1413862734978985], [0.7813005064257965, 0.03551997991186006, -0.6231435225418415]], "fy": 1314.6872264021692, "fx": 1314.6189427858394}, {"id": 86, "img_name": "frame_00087", "width": 1118, "height": 2000, "position": [3.4212076399169757, 0.4309793855128043, 1.8317880016002912], "rotation": [[-0.5486700039994945, -0.19793334640419608, -0.8122706550728214], [-0.1446523928499258, 0.9793923269396552, -0.14094805842762975], [0.8234299678503234, 0.04016292211685169, -0.5659947241212151]], "fy": 1320.2501282324165, "fx": 1320.5593760102008}, {"id": 87, "img_name": "frame_00088", "width": 1116, "height": 2000, "position": [3.4161701892707743, 0.37611491292433824, 1.8439905924999394], "rotation": [[-0.5272153839264121, -0.18116327578323232, -0.8301950412155051], [-0.12648940100553313, 0.982855221838464, -0.1341493359585699], [0.840264464549458, 0.03428527982024249, -0.541091627363666]], "fy": 1319.9553401325009, "fx": 1319.4339440521992}, {"id": 88, "img_name": "frame_00089", "width": 1122, "height": 2000, "position": [3.4099977853548435, 0.16201484818870593, 1.8326620602639234], "rotation": [[-0.5340908434629118, -0.08461928250431938, -0.8411816379103438], [-0.08730351127467127, 0.9951793118543563, -0.04467923652216079], [0.8409072884974823, 0.04957533948995236, -0.5389037185493039]], "fy": 1320.5197149645362, "fx": 1320.599496363982}, {"id": 89, "img_name": "frame_00090", "width": 1116, "height": 2000, "position": [3.435920353176134, 0.018771771449864857, 1.9326264744261414], "rotation": [[-0.567163424710718, -0.0052885071860651455, -0.8235882960327645], [-0.06364387875652545, 0.9972707060095681, 0.037424532488760216], [0.8211425615368104, 0.07364217967252543, -0.5659520500942153]], "fy": 1319.3230804571917, "fx": 1319.8222837849323}, {"id": 90, "img_name": "frame_00091", "width": 1115, "height": 2000, "position": [3.357782660622002, -0.03709388873433788, 2.052454352651058], "rotation": [[-0.6070424330014234, -0.0007222631888455987, -0.794669090169989], [-0.05822494512948924, 0.9973521990544142, 0.043571169435672526], [0.7925334947498307, 0.07271911287419666, -0.605477159207851]], "fy": 1319.1429310342694, "fx": 1318.5651208515276}, {"id": 91, "img_name": "frame_00092", "width": 1119, "height": 2000, "position": [3.1692517452749844, -0.04941252194159056, 2.203439348020364], "rotation": [[-0.6972536076159878, 0.027328860075783064, -0.7163033854962907], [-0.06271295935353903, 0.9931157673821244, 0.0989351166479121], [0.7140759703250145, 0.1139043721020966, -0.6907396778963951]], "fy": 1318.2630915799311, "fx": 1318.5119240302504}, {"id": 92, "img_name": "frame_00093", "width": 1116, "height": 2000, "position": [3.0016564144729925, -0.10861479958767861, 2.347910387112445], "rotation": [[-0.726964193054798, 0.03269452580759564, -0.6858965884143188], [-0.08070421098933775, 0.9878751858031307, 0.1326252148085664], [0.6819163382298252, 0.15176852525028497, -0.715511301377259]], "fy": 1319.2361665514184, "fx": 1318.7150545521574}, {"id": 93, "img_name": "frame_00094", "width": 1093, "height": 2000, "position": [2.790701306499073, -0.11064862440720624, 2.619468055478353], "rotation": [[-0.7643439749038246, -0.0300244066004844, -0.6441093253761424], [-0.09038207767244533, 0.9940423282756692, 0.06091740007500836], [0.6384429246720749, 0.10477778678983136, -0.7625039326663116]], "fy": 1303.5578761271672, "fx": 1303.936140689436}, {"id": 94, "img_name": "frame_00095", "width": 1107, "height": 2000, "position": [2.476267384975368, -0.0748924871859392, 2.7794117950071033], "rotation": [[-0.8354528917240535, -0.04900638564042543, -0.5473726700122856], [-0.053454932618077475, 0.9985397099208982, -0.007811394874499032], [0.5469561553623046, 0.022733716756185227, -0.8368525211969762]], "fy": 1311.836899227353, "fx": 1312.298488246798}, {"id": 95, "img_name": "frame_00096", "width": 1109, "height": 2000, "position": [2.174073296002348, 0.020054472324626222, 2.8232216339131053], "rotation": [[-0.9175867734978973, -0.021468684300217783, -0.39695542406690376], [-0.040542115586270536, 0.9983880538963356, 0.039719399553331695], [0.3954628300681459, 0.05253940836653292, -0.9169780589539681]], "fy": 1307.8010946323745, "fx": 1307.6200075332904}, {"id": 96, "img_name": "frame_00097", "width": 1118, "height": 2000, "position": [1.8560282624977742, 0.0575390456347533, 2.864954350359086], "rotation": [[-0.9554182196867933, 0.02750331316048643, -0.29397209604946234], [0.010130338058764895, 0.9981193523921185, 0.060457709443488945], [0.2950820254460329, 0.05478436041001489, -0.9539000325574647]], "fy": 1321.9078595565743, "fx": 1322.1095375933994}, {"id": 97, "img_name": "frame_00098", "width": 1109, "height": 2000, "position": [1.6755597880362352, 0.03700157909369181, 2.9417963356320964], "rotation": [[-0.9560365875032887, 0.041093908274877425, -0.2903538084092622], [0.019211569717367993, 0.9967824687179259, 0.07781790054731565], [0.292617427615071, 0.0688186076529681, -0.9537499883599715]], "fy": 1315.7526398674472, "fx": 1316.0743086758125}, {"id": 98, "img_name": "frame_00099", "width": 1105, "height": 2000, "position": [1.3888840042851174, -0.08601741007014424, 3.0257869652550147], "rotation": [[-0.9790512587158684, 0.02726690178590225, -0.20177995161529433], [0.018399630013672657, 0.9987861348774604, 0.0456914695747866], [0.20278088278295, 0.04102161434587447, -0.9783645234442141]], "fy": 1304.4956917061686, "fx": 1304.279775177886}, {"id": 99, "img_n