{
    "w": 1080,
    "h": 1920,
    "fl_x": 1148.4901149523087,
    "fl_y": 1156.0666700631039,
    "cx": 527.4875503420151,
    "cy": 941.1703813466956,
    "k1": -0.01324653792210226,
    "k2": 0.0018634385376207789,
    "p1": -0.004133182673770776,
    "p2": 0.0034282812535464014,
    "camera_model": "OPENCV",
    "frames": [
        {
            "file_path": "images/frame_00028.png",
            "transform_matrix": [
                [
                    0.03447826853771021,
                    -0.9990945720067399,
                    -0.024925592978119828,
                    -2.6154805312376848
                ],
                [
                    0.999142093641784,
                    0.033885942841987704,
                    0.023807973261531053,
                    -0.15675694458972392
                ],
                [
                    -0.022941789637118057,
                    -0.02572506684887129,
                    0.999405771057916,
                    2.5679608958412943
                ],
                [
                    0.0,
                    0.0,
                    0.0,
                    1.0
                ]
            ],
            "colmap_im_id": 28
        },
        {
            "file_path": "images/frame_00015.png",
            "transform_matrix": [
                [
                    -0.12481281435282118,
                    -0.9298143326312786,
                    0.34621823783096484,
                    17.792488726112424
                ],
                [
                    0.9833358488883053,
                    -0.16241313072193456,
                    -0.08168588164558237,
                    -0.44626345834481135
                ],
                [
                    0.1321830914468431,
                    0.33025336001704836,
                    0.9345910060197484,
                    -10.863723483737663
                ],
                [
                    0.0,
                    0.0,
                    0.0,
                    1.0
                ]
            ],
            "colmap_im_id": 15
        },
        {
            "file_path": "images/frame_00016.png",
            "transform_matrix": [
                [
                    -0.11242794949608255,
                    -0.9418526168457545,
                    0.31666007691673176,
                    16.200149173093678
                ],
                [
                    0.9850344059126289,
                    -0.1475396668876819,
                    -0.08910255811718516,
                    -0.32951569480548715
                ],
                [
                    0.13064139979524408,
                    0.30190345283794956,
                    0.9443448151094298,
                    -9.675591541806426
                ],
                [
                    0.0,
                    0.0,
                    0.0,
                    1.0
                ]
            ],
            "colmap_im_id": 16
        },
        {
            "file_path": "images/frame_00017.png",
            "transform_matrix": [
                [
                    -0.06933323010241854,
                    -0.9974727473320191,
                    0.015524868227423813,
                    4.313190202797091
                ],
                [
                    0.9940985178270835,
                    -0.07038349701094909,
                    -0.08254877468809359,
                    -0.02115062412490858
                ],
                [
                    0.08343284759350482,
                    0.009709875304220494,
                    0.9964660948893421,
                    -4.495982017756162
                ],
                [
                    0.0,
                    0.0,
                    0.0,
                    1.0
                ]
            ],
            "colmap_im_id": 17
        },
        {
            "file_path": "images/frame_00018.png",
            "transform_matrix": [
                [
                    -0.05962459025770189,
                    -0.9981441039692281,
                    -0.012379658641014696,
                    3.5842875499770055
                ],
                [
                    0.9958930212391803,
                    -0.05863450827240512,
                    -0.06898611952234199,
                    0.13269730337655267
                ],
                [
                    0.06813221325994598,
                    -0.01644208475589834,
                    0.997540805864693,
                    -4.0184173630054945
                ],
                [
                    0.0,
                    0.0,
                    0.0,
                    1.0
                ]
            ],
            "colmap_im_id": 18
        },
        {
            "file_path": "images/frame_00019.png",
            "transform_matrix": [
                [
                    -0.03529090555238346,
                    -0.9980661234321914,
                    -0.051171918493746846,
                    2.3614560372133107
                ],
                [
                    0.9986621971503622,
                    -0.03328300959897408,
                    -0.03957344128131863,
                    0.40158497227989337
                ],
                [
                    0.037793755676091834,
                    -0.05250004313400629,
                    0.9979054952763932,
                    -2.8235664141536323
                ],
                [
                    0.0,
                    0.0,
                    0.0,
                    1.0
                ]
            ],
            "colmap_im_id": 19
        },
        {
            "file_path": "images/frame_00020.png",
            "transform_matrix": [
                [
                    -0.021985118214821114,
                    -0.9979847187638812,
                    -0.05952441256205099,
                    1.5634744934602864
                ],
                [
                    0.9994298729069003,
                    -0.020412922483721015,
                    -0.026893154091153323,
                    0.34674512400369134
                ],
                [
                    0.025623889602815194,
                    -0.06008172525361194,
                    0.9978645211511292,
                    -2.0239018649831624
                ],
                [
                    0.0,
                    0.0,
                    0.0,
                    1.0
                ]
            ],
            "colmap_im_id": 20
        },
        {
            "file_path": "images/frame_00021.png",
            "transform_matrix": [
                [
                    -0.012608724769027269,
                    -0.9980162056263785,
                    -0.06168203439272312,
                    0.764264826279622
                ],
                [
                    0.9997531933387624,
                    -0.011454180926499184,
                    -0.019035602124697914,
                    0.29124082322280337
                ],
                [
                    0.018291322222455643,
                    -0.06190682552375936,
                    0.9979143111935637,
                    -1.3883166557335476
                ],
                [
                    0.0,
                    0.0,
                    0.0,
                    1.0
                ]
            ],
            "colmap_im_id": 21
        },
        {
            "file_path": "images/frame_00022.png",
            "transform_matrix": [
                [
                    0.01167722220948952,
                    -0.9985726790407031,
                    -0.05211762806328351,
                    -1.0527810786967928
                ],
                [
                    0.9999251641589588,
                    0.011851428285016775,
                    -0.0030347535787981646,
                    0.2014305096958375
                ],
                [
                    0.0036480903427860275,
                    -0.05207829030486367,
                    0.9986363417760107,
                    0.3505725102397747
                ],
                [
                    0.0,
                    0.0,
                    0.0,
                    1.0
                ]
            ],
            "colmap_im_id": 22
        },
        {
            "file_path": "images/frame_00023.png",
            "transform_matrix": [
                [
                    0.0156199116464858,
                    -0.9989606635977498,
                    -0.042820683606165845,
                    -1.5788917934730766
                ],
                [
                    0.9998771735323607,
                    0.015660689239344522,
                    -0.0006169777031891847,
                    0.09791253421986139
                ],
                [
                    0.0012869378747753415,
                    -0.04280578695564494,
                    0.999082583370371,
                    1.0281696460510281
                ],
                [
                    0.0,
                    0.0,
                    0.0,
                    1.0
                ]
            ],
            "colmap_im_id": 23
        },
        {
            "file_path": "images/frame_00024.png",
            "transform_matrix": [
                [
                    0.018465375730671137,
                    -0.9992195946349445,
                    -0.03491749699938867,
                    -2.0532478976798947
                ],
                [
                    0.9998263566002327,
                    0.0183664751890981,
                    0.00315106912531113,
                    0.03242238469023442
                ],
                [
                    -0.0025072986717553972,
                    -0.03496961948185052,
                    0.9993852306126328,
                    1.5278054233493303
                ],
                [
                    0.0,
                    0.0,
                    0.0,
                    1.0
                ]
            ],
            "colmap_im_id": 24
        },
        {
            "file_path": "images/frame_00025.png",
            "transform_matrix": [
                [
                    0.023532895897991245,
                    -0.9992442520661292,
                    -0.03093747765181489,
                    -2.3675858488712795
                ],
                [
                    0.9996851328858118,
                    0.023251164363119022,
                    0.009434958549787452,
                    -0.048594341594671596
                ],
                [
                    -0.008708495721494621,
                    -0.031149768354860403,
                    0.9994767901425763,
                    1.9394340740246017
                ],
                [
                    0.0,
                    0.0,
                    0.0,
                    1.0
                ]
            ],
            "colmap_im_id": 25
        },
        {
            "file_path": "images/frame_00026.png",
            "transform_matrix": [
                [
                    0.028435790417282007,
                    -0.9991968920518467,
                    -0.028230776419972844,
                    -2.623546903119098
                ],
                [
                    0.9994843699373238,
                    0.027999935479731303,
                    0.01571616569402014,
                    -0.1411933910434755
                ],
                [
                    -0.01491308399813482,
                    -0.02866312137679645,
                    0.9994778763927712,
                    2.2849248830158246
                ],
                [
                    0.0,
                    0.0,
                    0.0,
                    1.0
                ]
            ],
            "colmap_im_id": 26
        },
        {
            "file_path": "images/frame_00027.png",
            "transform_matrix": [
                [
                    0.033266921256706196,
                    -0.9991112953141214,
                    -0.02588303548348143,
                    -2.6756118861410854
                ],
                [
                    0.9992115312831304,
                    0.03268641528632774,
                    0.022536947587264825,
                    -0.15858898538916455
                ],
                [
                    -0.02167089524965478,
                    -0.02661236238045714,
                    0.9994109037165894,
                    2.636560315156576
                ],
                [
                    0.0,
                    0.0,
                    0.0,
                    1.0
                ]
            ],
            "colmap_im_id": 27
        }
    ],
    "applied_transform": [
        [
            0.0,
            1.0,
            0.0,
            0.0
        ],
        [
            1.0,
            0.0,
            0.0,
            0.0
        ],
        [
            -0.0,
            -0.0,
            -1.0,
            -0.0
        ]
    ]
}